
0.000000e+00 0.000000e+00 5.949802e-16 3.010935e-14 -8.831163e-14
7.812500e-03 7.812500e-03 -7.386511e-15 -1.110392e-01 1.110392e-01
1.562500e-02 1.562500e-02 -1.953055e-14 -2.219604e-01 2.219604e-01
2.343750e-02 2.343750e-02 -2.345188e-14 -3.326455e-01 3.326455e-01
3.125000e-02 3.125000e-02 -2.965293e-14 -4.429765e-01 4.429765e-01
3.906250e-02 3.906250e-02 -2.010783e-14 -5.528352e-01 5.528352e-01
4.687500e-02 4.687500e-02 -2.365705e-14 -6.621036e-01 6.621036e-01
5.468750e-02 5.468750e-02 -2.157885e-14 -7.706634e-01 7.706634e-01
6.250000e-02 6.250000e-02 -1.261363e-14 -8.783965e-01 8.783965e-01
7.031250e-02 7.031250e-02 -8.255007e-15 -9.851846e-01 9.851846e-01
7.812500e-02 7.812500e-02 9.852163e-15 -1.090909e+00 1.090909e+00
8.593750e-02 8.593750e-02 4.453845e-15 -1.195451e+00 1.195451e+00
9.375000e-02 9.375000e-02 1.601964e-14 -1.298693e+00 1.298693e+00
1.015625e-01 1.015625e-01 1.634080e-14 -1.400514e+00 1.400514e+00
1.093750e-01 1.093750e-01 1.996176e-14 -1.500796e+00 1.500796e+00
1.171875e-01 1.171875e-01 1.317633e-14 -1.599418e+00 1.599418e+00
1.250000e-01 1.250000e-01 4.464583e-16 -1.696260e+00 1.696260e+00
1.328125e-01 1.328125e-01 -1.617324e-14 -1.791201e+00 1.791201e+00
1.406250e-01 1.406250e-01 -1.853306e-14 -1.884119e+00 1.884119e+00
1.484375e-01 1.484375e-01 -3.090888e-14 -1.974892e+00 1.974892e+00
1.562500e-01 1.562500e-01 -3.206502e-14 -2.063395e+00 2.063395e+00
1.640625e-01 1.640625e-01 -3.143863e-14 -2.149504e+00 2.149504e+00
1.718750e-01 1.718750e-01 -1.269287e-14 -2.233092e+00 2.233092e+00
1.796875e-01 1.796875e-01 -8.675065e-16 -2.314031e+00 2.314031e+00
1.875000e-01 1.875000e-01 1.535348e-14 -2.392190e+00 2.392190e+00
1.953125e-01 1.953125e-01 1.344427e-14 -2.467437e+00 2.467437e+00
2.031250e-01 2.031250e-01 1.066985e-14 -2.539638e+00 2.539638e+00
2.109375e-01 2.109375e-01 -2.154801e-14 -2.608654e+00 2.608654e+00
2.187500e-01 2.187500e-01 -3.231453e-14 -2.674345e+00 2.674345e+00
2.265625e-01 2.265625e-01 -5.145515e-14 -2.736565e+00 2.736565e+00
2.343750e-01 2.343750e-01 -6.819320e-14 -2.795165e+00 2.795165e+00
2.421875e-01 2.421875e-01 -8.863803e-14 -2.849991e+00 2.849991e+00
2.500000e-01 2.500000e-01 -8.166416e-14 -2.900884e+00 2.900884e+00
2.578125e-01 2.578125e-01 -1.154195e-13 -2.947678e+00 2.947678e+00
2.656250e-01 2.656250e-01 -1.228520e-13 -2.990200e+00 2.990200e+00
2.734375e-01 2.734375e-01 -1.248206e-13 -3.028271e+00 3.028271e+00
2.812500e-01 2.812500e-01 -1.676701e-13 -3.061701e+00 3.061701e+00
2.890625e-01 2.890625e-01 -2.029362e-13 -3.090290e+00 3.090290e+00
2.968750e-01 2.968750e-01 -2.910071e-13 -3.113829e+00 3.113829e+00
3.046875e-01 3.046875e-01 -3.306079e-13 -3.132093e+00 3.132093e+00
3.125000e-01 3.125000e-01 -3.475290e-13 -3.144845e+00 3.144845e+00
3.203125e-01 3.203125e-01 -3.451807e-13 -3.151830e+00 3.151830e+00
3.281250e-01 3.281250e-01 -3.417371e-13 -3.152774e+00 3.152774e+00
3.359375e-01 3.359375e-01 -3.389548e-13 -3.147380e+00 3.147380e+00
3.437500e-01 3.437500e-01 -3.541567e-13 -3.135328e+00 3.135328e+00
3.515625e-01 3.515625e-01 -3.264110e-13 -3.116267e+00 3.116267e+00
3.593750e-01 3.593750e-01 -3.676944e-13 -3.089812e+00 3.089812e+00
3.671875e-01 3.671875e-01 -4.363924e-13 -3.055538e+00 3.055538e+00
3.750000e-01 3.750000e-01 -5.215391e-13 -3.012972e+00 3.012972e+00
3.828125e-01 3.828125e-01 -5.820170e-13 -2.961584e+00 2.961584e+00
3.906250e-01 3.906250e-01 -6.189802e-13 -2.900775e+00 2.900775e+00
3.984375e-01 3.984375e-01 -6.373927e-13 -2.829865e+00 2.829865e+00
4.062500e-01 4.062500e-01 -6.386422e-13 -2.748069e+00 2.748069e+00
4.140625e-01 4.140625e-01 -6.235818e-13 -2.654471e+00 2.654471e+00
4.218750e-01 4.218750e-01 -5.773719e-13 -2.547994e+00 2.547994e+00
4.296875e-01 4.296875e-01 -5.719052e-13 -2.427344e+00 2.427344e+00
4.375000e-01 4.375000e-01 -6.238823e-13 -2.290938e+00 2.290938e+00
4.453125e-01 4.453125e-01 -8.635705e-13 -2.136803e+00 2.136803e+00
4.531250e-01 4.531250e-01 -1.283262e-12 -1.962382e+00 1.962382e+00
4.609375e-01 4.609375e-01 -2.033822e-12 -1.764327e+00 1.764327e+00
4.687500e-01 4.687500e-01 -3.485677e-12 -1.537662e+00 1.537662e+00
4.765625e-01 4.765625e-01 -4.545192e-12 -1.276052e+00 1.276052e+00
4.843750e-01 4.843750e-01 -1.105147e-11 -9.640860e-01 9.640860e-01
4.921875e-01 4.921875e-01 -3.755475e-11 -5.919255e-01 5.919255e-01
5.000000e-01 5.000000e-01 0.000000e+00 -0.000000e+00 0.000000e+00
x_com 1.000000e+00
y_com 7.000000e-01
z_com 7.000000e-01
u_com 0.000000e+00
v_com 0.000000e+00
w_com 0.000000e+00
Omegax 0.000000e+00
Omegay 0.000000e+00
Omegaz 0.000000e+00
fx 0.000000e+00
fy 0.000000e+00
fz 0.000000e+00
taux 0.000000e+00
tauy 0.000000e+00
tauz 0.000000e+00
xcp 1.000000e+00
ycp -nan
zcp -nan
