
0.000000e+00 0.000000e+00 2.693813e-11 2.957570e-08 1.252163e-08
7.812500e-03 7.812500e-03 -3.719728e-09 -1.088283e-01 1.088284e-01
1.562500e-02 1.562500e-02 -7.369331e-09 -2.175545e-01 2.175545e-01
2.343750e-02 2.343750e-02 -1.082460e-08 -3.260760e-01 3.260760e-01
3.125000e-02 3.125000e-02 -1.398616e-08 -4.342903e-01 4.342903e-01
3.906250e-02 3.906250e-02 -1.675439e-08 -5.420943e-01 5.420943e-01
4.687500e-02 4.687500e-02 -1.902881e-08 -6.493845e-01 6.493845e-01
5.468750e-02 5.468750e-02 -2.070613e-08 -7.560567e-01 7.560567e-01
6.250000e-02 6.250000e-02 -2.168014e-08 -8.620058e-01 8.620058e-01
7.031250e-02 7.031250e-02 -2.183993e-08 -9.671261e-01 9.671260e-01
7.812500e-02 7.812500e-02 -2.110943e-08 -1.071310e+00 1.071310e+00
8.593750e-02 8.593750e-02 -1.941951e-08 -1.174451e+00 1.174451e+00
9.375000e-02 9.375000e-02 -1.667840e-08 -1.276437e+00 1.276437e+00
1.015625e-01 1.015625e-01 -1.279730e-08 -1.377160e+00 1.377160e+00
1.093750e-01 1.093750e-01 -7.737199e-09 -1.476505e+00 1.476505e+00
1.171875e-01 1.171875e-01 -1.512583e-09 -1.574360e+00 1.574360e+00
1.250000e-01 1.250000e-01 5.858419e-09 -1.670607e+00 1.670607e+00
1.328125e-01 1.328125e-01 1.433306e-08 -1.765129e+00 1.765129e+00
1.406250e-01 1.406250e-01 2.379501e-08 -1.857806e+00 1.857806e+00
1.484375e-01 1.484375e-01 3.406452e-08 -1.948514e+00 1.948514e+00
1.562500e-01 1.562500e-01 4.493780e-08 -2.037130e+00 2.037130e+00
1.640625e-01 1.640625e-01 5.611767e-08 -2.123524e+00 2.123524e+00
1.718750e-01 1.718750e-01 6.727193e-08 -2.207567e+00 2.207567e+00
1.796875e-01 1.796875e-01 7.802925e-08 -2.289125e+00 2.289125e+00
1.875000e-01 1.875000e-01 8.794792e-08 -2.368061e+00 2.368061e+00
1.953125e-01 1.953125e-01 9.655714e-08 -2.444233e+00 2.444233e+00
2.031250e-01 2.031250e-01 1.033798e-07 -2.517499e+00 2.517498e+00
2.109375e-01 2.109375e-01 1.079413e-07 -2.587708e+00 2.587708e+00
2.187500e-01 2.187500e-01 1.097892e-07 -2.654708e+00 2.654708e+00
2.265625e-01 2.265625e-01 1.085345e-07 -2.718341e+00 2.718341e+00
2.343750e-01 2.343750e-01 1.038518e-07 -2.778444e+00 2.778443e+00
2.421875e-01 2.421875e-01 9.558072e-08 -2.834846e+00 2.834846e+00
2.500000e-01 2.500000e-01 8.368555e-08 -2.887374e+00 2.887374e+00
2.578125e-01 2.578125e-01 6.828520e-08 -2.935844e+00 2.935844e+00
2.656250e-01 2.656250e-01 4.974172e-08 -2.980066e+00 2.980066e+00
2.734375e-01 2.734375e-01 2.861295e-08 -3.019842e+00 3.019842e+00
2.812500e-01 2.812500e-01 5.732645e-09 -3.054964e+00 3.054964e+00
2.890625e-01 2.890625e-01 -1.786701e-08 -3.085214e+00 3.085214e+00
2.968750e-01 2.968750e-01 -4.093106e-08 -3.110361e+00 3.110361e+00
3.046875e-01 3.046875e-01 -6.216998e-08 -3.130164e+00 3.130164e+00
3.125000e-01 3.125000e-01 -8.010380e-08 -3.144364e+00 3.144364e+00
3.203125e-01 3.203125e-01 -9.344142e-08 -3.152687e+00 3.152687e+00
3.281250e-01 3.281250e-01 -1.011191e-07 -3.154842e+00 3.154842e+00
3.359375e-01 3.359375e-01 -1.025981e-07 -3.150514e+00 3.150514e+00
3.437500e-01 3.437500e-01 -9.805346e-08 -3.139364e+00 3.139364e+00
3.515625e-01 3.515625e-01 -8.836898e-08 -3.121028e+00 3.121028e+00
3.593750e-01 3.593750e-01 -7.506477e-08 -3.095104e+00 3.095104e+00
3.671875e-01 3.671875e-01 -5.990715e-08 -3.061155e+00 3.061155e+00
3.750000e-01 3.750000e-01 -4.444645e-08 -3.018698e+00 3.018698e+00
3.828125e-01 3.828125e-01 -2.916929e-08 -2.967196e+00 2.967196e+00
3.906250e-01 3.906250e-01 -1.301447e-08 -2.906047e+00 2.906047e+00
3.984375e-01 3.984375e-01 6.816904e-09 -2.834570e+00 2.834570e+00
4.062500e-01 4.062500e-01 3.386399e-08 -2.751984e+00 2.751984e+00
4.140625e-01 4.140625e-01 7.038447e-08 -2.657388e+00 2.657388e+00
4.218750e-01 4.218750e-01 1.142051e-07 -2.549721e+00 2.549721e+00
4.296875e-01 4.296875e-01 1.558826e-07 -2.427720e+00 2.427720e+00
4.375000e-01 4.375000e-01 1.776720e-07 -2.289842e+00 2.289842e+00
4.453125e-01 4.453125e-01 1.570137e-07 -2.134171e+00 2.134171e+00
4.531250e-01 4.531250e-01 7.681702e-08 -1.958227e+00 1.958227e+00
4.609375e-01 4.609375e-01 -6.016375e-08 -1.758766e+00 1.758766e+00
4.687500e-01 4.687500e-01 -2.143119e-07 -1.530964e+00 1.530964e+00
4.765625e-01 4.765625e-01 -3.062010e-07 -1.268688e+00 1.268688e+00
4.843750e-01 4.843750e-01 -2.570879e-07 -9.568888e-01 9.568888e-01
4.921875e-01 4.921875e-01 -3.171595e-08 -5.862691e-01 5.862691e-01
5.000000e-01 5.000000e-01 0.000000e+00 -0.000000e+00 0.000000e+00
x_com 1.000000e+00
y_com 8.000000e-01
z_com 9.000000e-01
u_com 0.000000e+00
v_com 0.000000e+00
w_com 0.000000e+00
Omegax 0.000000e+00
Omegay 0.000000e+00
Omegaz 0.000000e+00
fx 0.000000e+00
fy 0.000000e+00
fz 0.000000e+00
taux 0.000000e+00
tauy 0.000000e+00
tauz 0.000000e+00
xcp 1.000000e+00
ycp -nan
zcp -nan
