# y  z  Ux  Uy  Uz

0.000000e+00 0.000000e+00 -2.630927e-13 -4.990998e-06 -5.142075e-07
7.812500e-03 0.000000e+00 3.147191e-08 -4.983739e-06 1.107554e-01
1.562500e-02 0.000000e+00 6.292208e-08 -4.976595e-06 2.215706e-01
2.343750e-02 0.000000e+00 9.437928e-08 -4.969514e-06 3.325047e-01
3.125000e-02 0.000000e+00 1.257966e-07 -4.962499e-06 4.436170e-01
3.906250e-02 0.000000e+00 1.571683e-07 -4.955439e-06 5.549669e-01
4.687500e-02 0.000000e+00 1.884475e-07 -4.948183e-06 6.666139e-01
5.468750e-02 0.000000e+00 2.195017e-07 -4.940796e-06 7.786174e-01
6.250000e-02 0.000000e+00 2.503445e-07 -4.933163e-06 8.910371e-01
7.031250e-02 0.000000e+00 2.808625e-07 -4.925205e-06 1.003932e+00
7.812500e-02 0.000000e+00 3.109355e-07 -4.916857e-06 1.117363e+00
8.593750e-02 0.000000e+00 3.404774e-07 -4.907883e-06 1.231388e+00
9.375000e-02 0.000000e+00 3.691898e-07 -4.898142e-06 1.346067e+00
1.015625e-01 0.000000e+00 3.969268e-07 -4.887357e-06 1.461461e+00
1.093750e-01 0.000000e+00 4.235009e-07 -4.875472e-06 1.577628e+00
1.171875e-01 0.000000e+00 4.486236e-07 -4.862530e-06 1.694629e+00
1.250000e-01 0.000000e+00 4.719904e-07 -4.848277e-06 1.812523e+00
1.328125e-01 0.000000e+00 4.931278e-07 -4.832634e-06 1.931370e+00
1.406250e-01 0.000000e+00 5.115693e-07 -4.815437e-06 2.051230e+00
1.484375e-01 0.000000e+00 5.268853e-07 -4.796440e-06 2.172162e+00
1.562500e-01 0.000000e+00 5.387396e-07 -4.775600e-06 2.294227e+00
1.640625e-01 0.000000e+00 5.468366e-07 -4.752800e-06 2.417484e+00
1.718750e-01 0.000000e+00 5.507444e-07 -4.727804e-06 2.541993e+00
1.796875e-01 0.000000e+00 5.499911e-07 -4.700370e-06 2.667814e+00
1.875000e-01 0.000000e+00 5.441250e-07 -4.670386e-06 2.795006e+00
1.953125e-01 0.000000e+00 5.328108e-07 -4.637895e-06 2.923628e+00
2.031250e-01 0.000000e+00 5.158194e-07 -4.602920e-06 3.053740e+00
2.109375e-01 0.000000e+00 4.930230e-07 -4.565317e-06 3.185402e+00
2.187500e-01 0.000000e+00 4.644811e-07 -4.524952e-06 3.318672e+00
2.265625e-01 0.000000e+00 4.305096e-07 -4.481801e-06 3.453609e+00
2.343750e-01 0.000000e+00 3.917098e-07 -4.435740e-06 3.590272e+00
2.421875e-01 0.000000e+00 3.488611e-07 -4.386582e-06 3.728720e+00
2.500000e-01 0.000000e+00 3.030356e-07 -4.334167e-06 3.869009e+00
2.578125e-01 0.000000e+00 2.556640e-07 -4.278382e-06 4.011198e+00
2.656250e-01 0.000000e+00 2.086957e-07 -4.219158e-06 4.155344e+00
2.734375e-01 0.000000e+00 1.646479e-07 -4.156517e-06 4.301504e+00
2.812500e-01 0.000000e+00 1.266796e-07 -4.090395e-06 4.449735e+00
2.890625e-01 0.000000e+00 9.879260e-08 -4.020634e-06 4.600091e+00
2.968750e-01 0.000000e+00 8.629560e-08 -3.947098e-06 4.752628e+00
3.046875e-01 0.000000e+00 9.635605e-08 -3.869683e-06 4.907401e+00
3.125000e-01 0.000000e+00 1.382278e-07 -3.788426e-06 5.064464e+00
3.203125e-01 0.000000e+00 2.232988e-07 -3.703230e-06 5.223868e+00
3.281250e-01 0.000000e+00 3.646316e-07 -3.613955e-06 5.385668e+00
3.359375e-01 0.000000e+00 5.759267e-07 -3.520438e-06 5.549913e+00
3.437500e-01 0.000000e+00 8.690207e-07 -3.422710e-06 5.716654e+00
3.515625e-01 0.000000e+00 1.249430e-06 -3.320697e-06 5.885940e+00
3.593750e-01 0.000000e+00 1.709644e-06 -3.214616e-06 6.057819e+00
3.671875e-01 0.000000e+00 2.220723e-06 -3.104393e-06 6.232339e+00
3.750000e-01 0.000000e+00 2.723675e-06 -2.990600e-06 6.409545e+00
3.828125e-01 0.000000e+00 3.123866e-06 -2.873017e-06 6.589482e+00
3.906250e-01 0.000000e+00 3.293280e-06 -2.752863e-06 6.772192e+00
3.984375e-01 0.000000e+00 3.086783e-06 -2.629518e-06 6.957717e+00
4.062500e-01 0.000000e+00 2.378635e-06 -2.505127e-06 7.146098e+00
4.140625e-01 0.000000e+00 1.122663e-06 -2.377085e-06 7.337372e+00
4.218750e-01 0.000000e+00 -5.679816e-07 -2.248899e-06 7.531578e+00
4.296875e-01 0.000000e+00 -2.339808e-06 -2.113545e-06 7.728749e+00
4.375000e-01 0.000000e+00 -3.552384e-06 -1.978226e-06 7.928919e+00
4.453125e-01 0.000000e+00 -3.321418e-06 -1.826943e-06 8.132121e+00
4.531250e-01 0.000000e+00 -7.190571e-07 -1.677666e-06 8.338382e+00
4.609375e-01 0.000000e+00 4.815945e-06 -1.498575e-06 8.547737e+00
4.687500e-01 0.000000e+00 1.282512e-05 -1.332419e-06 8.760190e+00
4.765625e-01 0.000000e+00 2.118287e-05 -1.128200e-06 8.975842e+00
4.843750e-01 0.000000e+00 2.523550e-05 -9.181932e-07 9.194468e+00
4.921875e-01 0.000000e+00 1.616258e-05 -8.612644e-07 9.417017e+00
5.000000e-01 0.000000e+00 -3.671526e-06 0.000000e+00 9.640907e+00
x_com 1.000000e+00
y_com 7.000000e-01
z_com 7.000000e-01
u_com 0.000000e+00
v_com 0.000000e+00
w_com 0.000000e+00
Omegax 0.000000e+00
Omegay 0.000000e+00
Omegaz 0.000000e+00
fx 0.000000e+00
fy 0.000000e+00
fz 0.000000e+00
taux 0.000000e+00
tauy 0.000000e+00
tauz 0.000000e+00
xcp 1.000000e+00
ycp -nan
zcp -nan
